100 0.2051 1.0000 5.24 9 0.0002
200 0.2168 0.9950 4.79 17 0.0022
300 0.2146 0.9900 4.86 25 0.0042
400 0.2183 0.9850 4.82 34 0.0061
500 0.2208 0.9799 4.71 42 0.0081
600 0.2180 0.9749 4.87 50 0.0101
700 0.2179 0.9699 4.93 59 0.0121
800 0.2189 0.9649 4.81 67 0.0140
900 0.2198 0.9598 4.81 75 0.0160
1000 0.2214 0.9548 4.77 84 0.0180
1100 0.2221 0.9498 4.77 92 0.0200
1200 0.2193 0.9448 4.86 100 0.0219
1300 0.2215 0.9397 4.85 109 0.0239
1400 0.2217 0.9347 4.85 117 0.0259
1500 0.2201 0.9297 4.86 125 0.0280
1600 0.2224 0.9247 4.85 134 0.0300
1700 0.2197 0.9196 4.92 142 0.0320
1800 0.2209 0.9146 4.90 151 0.0341
1900 0.2185 0.9096 4.95 159 0.0362
2000 0.2175 0.9046 4.96 167 0.0382
2100 0.2202 0.8995 4.95 177 0.0402
2200 0.2228 0.8945 4.93 185 0.0426
2300 0.2224 0.8895 4.91 194 0.0447
2400 0.2220 0.8845 4.90 202 0.0468
2500 0.2230 0.8794 4.93 211 0.0490
2600 0.2238 0.8744 4.91 220 0.0511
2700 0.2261 0.8694 4.89 229 0.0532
2800 0.2248 0.8644 4.88 237 0.0553
2900 0.2296 0.8593 4.87 246 0.0574
3000 0.2303 0.8543 4.87 254 0.0595
3100 0.2273 0.8493 4.90 262 0.0617
3200 0.2273 0.8443 4.87 271 0.0639
3300 0.2267 0.8392 4.87 280 0.0660
3400 0.2265 0.8342 4.86 288 0.0681
3500 0.2278 0.8292 4.85 296 0.0703
3600 0.2269 0.8242 4.84 305 0.0723
3700 0.2284 0.8191 4.84 314 0.0743
3800 0.2286 0.8141 4.83 322 0.0763
3900 0.2247 0.8091 4.85 331 0.0787
4000 0.2238 0.8041 4.85 339 0.0807
4100 0.2252 0.7990 4.85 349 0.0827
4200 0.2223 0.7940 4.87 356 0.0847
4300 0.2233 0.7890 4.87 365 0.0867
4400 0.2233 0.7840 4.86 374 0.0889
4500 0.2222 0.7789 4.85 383 0.0910
4600 0.2230 0.7739 4.86 392 0.0931
4700 0.2201 0.7689 4.86 400 0.0952
4800 0.2195 0.7639 4.87 408 0.0972
4900 0.2191 0.7588 4.87 416 0.0995
5000 0.2196 0.7538 4.87 425 0.1016
5100 0.2183 0.7488 4.87 432 0.1036
5200 0.2180 0.7438 4.89 441 0.1056
5300 0.2152 0.7387 4.89 449 0.1078
5400 0.2142 0.7337 4.88 456 0.1099
5500 0.2148 0.7287 4.87 465 0.1123
5600 0.2139 0.7237 4.87 473 0.1147
5700 0.2164 0.7186 4.87 481 0.1168
5800 0.2185 0.7136 4.87 491 0.1188
5900 0.2197 0.7086 4.86 498 0.1209
6000 0.2207 0.7036 4.86 507 0.1230
6100 0.2217 0.6985 4.86 515 0.1251
6200 0.2257 0.6935 4.86 524 0.1271
6300 0.2306 0.6885 4.85 534 0.1292
6400 0.2317 0.6835 4.84 542 0.1312
6500 0.2322 0.6784 4.83 550 0.1333
6600 0.2322 0.6734 4.82 559 0.1355
6700 0.2342 0.6684 4.82 568 0.1376
6800 0.2323 0.6634 4.82 576 0.1396
6900 0.2335 0.6583 4.81 584 0.1416
7000 0.2308 0.6533 4.82 592 0.1437
7100 0.2306 0.6483 4.82 601 0.1457
7200 0.2308 0.6433 4.82 610 0.1477
7300 0.2297 0.6382 4.81 618 0.1497
7400 0.2281 0.6332 4.81 626 0.1517
7500 0.2279 0.6282 4.81 635 0.1537
7600 0.2274 0.6232 4.81 644 0.1557
7700 0.2259 0.6181 4.81 653 0.1577
7800 0.2272 0.6131 4.80 662 0.1598
7900 0.2292 0.6081 4.80 671 0.1618
8000 0.2329 0.6031 4.79 681 0.1638
8100 0.2325 0.5980 4.79 689 0.1658
8200 0.2336 0.5930 4.79 698 0.1678
8300 0.2306 0.5880 4.79 706 0.1699
8400 0.2329 0.5830 4.79 715 0.1718
8500 0.2335 0.5779 4.80 724 0.1738
8600 0.2348 0.5729 4.80 733 0.1758
8700 0.2339 0.5679 4.79 741 0.1779
8800 0.2350 0.5629 4.79 750 0.1799
8900 0.2317 0.5578 4.79 759 0.1820
9000 0.2297 0.5528 4.78 767 0.1839
9100 0.2325 0.5478 4.78 776 0.1859
9200 0.2293 0.5428 4.77 785 0.1879
9300 0.2317 0.5377 4.77 793 0.1899
9400 0.2315 0.5327 4.76 802 0.1919
9500 0.2315 0.5277 4.76 811 0.1939
9600 0.2299 0.5227 4.76 820 0.1959
9700 0.2334 0.5176 4.76 830 0.1979
9800 0.2341 0.5126 4.76 839 0.1999
9900 0.2352 0.5076 4.76 848 0.2019
10000 0.2371 0.5026 4.76 857 0.2038
10100 0.2360 0.4975 4.75 865 0.2059
10200 0.2395 0.4925 4.75 874 0.2079
10300 0.2394 0.4875 4.75 883 0.2100
10400 0.2373 0.4825 4.76 892 0.2121
10500 0.2375 0.4774 4.76 901 0.2140
10600 0.2417 0.4724 4.75 910 0.2160
10700 0.2401 0.4674 4.75 919 0.2180
10800 0.2406 0.4624 4.74 928 0.2200
10900 0.2426 0.4573 4.73 935 0.2220
11000 0.2402 0.4523 4.73 945 0.2240
11100 0.2418 0.4473 4.73 954 0.2260
11200 0.2445 0.4423 4.72 964 0.2280
11300 0.2464 0.4372 4.72 973 0.2300
11400 0.2482 0.4322 4.72 982 0.2320
11500 0.2496 0.4272 4.72 991 0.2340
11600 0.2483 0.4222 4.71 1000 0.2360
11700 0.2506 0.4171 4.71 1009 0.2380
11800 0.2519 0.4121 4.70 1018 0.2399
11900 0.2516 0.4071 4.70 1028 0.2419
12000 0.2507 0.4021 4.70 1036 0.2439
12100 0.2504 0.3970 4.70 1045 0.2460
12200 0.2479 0.3920 4.70 1054 0.2480
12300 0.2485 0.3870 4.69 1063 0.2500
12400 0.2519 0.3820 4.69 1072 0.2520
12500 0.2485 0.3769 4.68 1080 0.2540
12600 0.2481 0.3719 4.68 1090 0.2560
12700 0.2488 0.3669 4.68 1100 0.2580
12800 0.2476 0.3619 4.68 1109 0.2601
12900 0.2483 0.3568 4.67 1118 0.2621
13000 0.2512 0.3518 4.67 1127 0.2641
13100 0.2520 0.3468 4.67 1136 0.2661
13200 0.2516 0.3418 4.67 1146 0.2681
13300 0.2509 0.3367 4.67 1156 0.2701
13400 0.2509 0.3317 4.67 1165 0.2721
13500 0.2528 0.3267 4.67 1173 0.2741
13600 0.2542 0.3217 4.66 1183 0.2761
13700 0.2525 0.3166 4.66 1192 0.2782
13800 0.2515 0.3116 4.66 1201 0.2802
13900 0.2516 0.3066 4.66 1210 0.2822
14000 0.2537 0.3016 4.66 1221 0.2842
14100 0.2539 0.2965 4.65 1230 0.2862
14200 0.2512 0.2915 4.66 1239 0.2882
14300 0.2515 0.2865 4.65 1249 0.2902
14400 0.2533 0.2815 4.65 1258 0.2922
14500 0.2536 0.2764 4.64 1267 0.2942
14600 0.2537 0.2714 4.64 1277 0.2962
14700 0.2535 0.2664 4.64 1287 0.2982
14800 0.2551 0.2614 4.63 1296 0.3002
14900 0.2551 0.2563 4.63 1305 0.3022
15000 0.2545 0.2513 4.62 1314 0.3042
15100 0.2545 0.2463 4.62 1323 0.3062
15200 0.2584 0.2413 4.62 1332 0.3082
15300 0.2594 0.2362 4.62 1342 0.3103
15400 0.2562 0.2312 4.62 1351 0.3124
15500 0.2547 0.2262 4.62 1360 0.3144
15600 0.2565 0.2212 4.61 1370 0.3164
15700 0.2586 0.2161 4.61 1380 0.3184
15800 0.2566 0.2111 4.61 1390 0.3204
15900 0.2575 0.2061 4.61 1399 0.3224
16000 0.2572 0.2011 4.61 1409 0.3244
16100 0.2565 0.1960 4.61 1419 0.3264
16200 0.2568 0.1910 4.60 1427 0.3284
16300 0.2548 0.1860 4.60 1437 0.3304
16400 0.2574 0.1810 4.60 1447 0.3324
16500 0.2611 0.1759 4.60 1457 0.3344
16600 0.2602 0.1709 4.59 1468 0.3364
16700 0.2594 0.1659 4.59 1477 0.3384
16800 0.2589 0.1609 4.60 1486 0.3404
16900 0.2578 0.1558 4.60 1497 0.3424
17000 0.2594 0.1508 4.60 1507 0.3444
17100 0.2598 0.1458 4.60 1517 0.3464
17200 0.2600 0.1408 4.59 1526 0.3484
17300 0.2612 0.1357 4.59 1535 0.3504
17400 0.2612 0.1307 4.58 1546 0.3524
17500 0.2606 0.1257 4.58 1556 0.3544
17600 0.2600 0.1207 4.58 1566 0.3564
17700 0.2588 0.1156 4.58 1576 0.3584
17800 0.2634 0.1106 4.58 1585 0.3604
17900 0.2641 0.1056 4.58 1595 0.3626
18000 0.2634 0.1006 4.58 1605 0.3646
18100 0.2654 0.0955 4.57 1616 0.3666
18200 0.2632 0.0905 4.57 1625 0.3686
18300 0.2639 0.0855 4.57 1636 0.3707
18400 0.2630 0.0805 4.57 1646 0.3728
18500 0.2636 0.0754 4.57 1655 0.3748
18600 0.2638 0.0704 4.56 1665 0.3768
18700 0.2646 0.0654 4.57 1675 0.3788
18800 0.2621 0.0604 4.57 1686 0.3809
18900 0.2602 0.0553 4.58 1697 0.3829
19000 0.2625 0.0503 4.57 1707 0.3849
19100 0.2611 0.0453 4.57 1718 0.3869
19200 0.2646 0.0403 4.57 1729 0.3889
19300 0.2651 0.0352 4.57 1740 0.3910
19400 0.2631 0.0302 4.57 1749 0.3930
19500 0.2629 0.0252 4.57 1759 0.3950
19600 0.2637 0.0202 4.57 1769 0.3970
19700 0.2646 0.0151 4.57 1780 0.3990
19800 0.2639 0.0101 4.57 1789 0.4010
19900 0.2666 0.0051 4.56 1798 0.4031
20000 0.2642 0.0010 4.56 1808 0.4051
20100 0.2664 0.0010 4.56 1818 0.4071
20200 0.2655 0.0010 4.55 1828 0.4091
20300 0.2654 0.0010 4.55 1840 0.4111
20400 0.2686 0.0010 4.55 1850 0.4132
20500 0.2690 0.0010 4.55 1862 0.4153
20600 0.2692 0.0010 4.55 1874 0.4173
20700 0.2701 0.0010 4.55 1886 0.4193
20800 0.2720 0.0010 4.55 1897 0.4213
20900 0.2715 0.0010 4.55 1907 0.4233
21000 0.2732 0.0010 4.55 1920 0.4253
21100 0.2730 0.0010 4.56 1932 0.4273
21200 0.2731 0.0010 4.55 1942 0.4293
21300 0.2732 0.0010 4.56 1952 0.4313
21400 0.2719 0.0010 4.56 1964 0.4333
21500 0.2720 0.0010 4.56 1974 0.4353
21600 0.2731 0.0010 4.56 1986 0.4373
21700 0.2733 0.0010 4.56 1998 0.4393
21800 0.2735 0.0010 4.55 2009 0.4413
21900 0.2740 0.0010 4.55 2020 0.4434
22000 0.2720 0.0010 4.55 2030 0.4454
22100 0.2692 0.0010 4.55 2039 0.4474
22200 0.2679 0.0010 4.55 2048 0.4494
22300 0.2683 0.0010 4.55 2058 0.4514
22400 0.2696 0.0010 4.55 2069 0.4534
22500 0.2691 0.0010 4.54 2078 0.4554
22600 0.2688 0.0010 4.54 2088 0.4574
22700 0.2672 0.0010 4.54 2101 0.4595
22800 0.2665 0.0010 4.54 2111 0.4615
22900 0.2674 0.0010 4.54 2120 0.4635
23000 0.2687 0.0010 4.54 2133 0.4656
23100 0.2706 0.0010 4.54 2143 0.4676
23200 0.2727 0.0010 4.54 2154 0.4697
23300 0.2735 0.0010 4.54 2165 0.4717
23400 0.2733 0.0010 4.53 2174 0.4737
23500 0.2750 0.0010 4.53 2183 0.4757
23600 0.2744 0.0010 4.53 2193 0.4777
23700 0.2751 0.0010 4.52 2203 0.4797
23800 0.2767 0.0010 4.52 2215 0.4817
23900 0.2761 0.0010 4.52 2226 0.4837
24000 0.2775 0.0010 4.52 2238 0.4857
24100 0.2768 0.0010 4.52 2247 0.4877
24200 0.2760 0.0010 4.52 2258 0.4897
24300 0.2754 0.0010 4.52 2269 0.4917
24400 0.2747 0.0010 4.52 2281 0.4937
24500 0.2746 0.0010 4.52 2294 0.4957
24600 0.2740 0.0010 4.52 2304 0.4978
24700 0.2756 0.0010 4.52 2316 0.4998
24800 0.2761 0.0010 4.52 2328 0.5018
24900 0.2764 0.0010 4.52 2339 0.5038
25000 0.2741 0.0010 4.52 2348 0.5058
25100 0.2737 0.0010 4.51 2358 0.5079
25200 0.2764 0.0010 4.51 2369 0.5099
25300 0.2762 0.0010 4.51 2382 0.5119
25400 0.2772 0.0010 4.51 2394 0.5140
25500 0.2770 0.0010 4.51 2405 0.5160
25600 0.2764 0.0010 4.51 2415 0.5180
25700 0.2746 0.0010 4.51 2425 0.5200
25800 0.2744 0.0010 4.51 2437 0.5220
25900 0.2740 0.0010 4.51 2449 0.5240
26000 0.2761 0.0010 4.51 2460 0.5260
26100 0.2775 0.0010 4.51 2472 0.5280
26200 0.2757 0.0010 4.51 2483 0.5301
26300 0.2741 0.0010 4.51 2495 0.5321
26400 0.2748 0.0010 4.51 2507 0.5341
26500 0.2753 0.0010 4.51 2519 0.5361
26600 0.2770 0.0010 4.51 2531 0.5381
26700 0.2784 0.0010 4.51 2544 0.5401
26800 0.2779 0.0010 4.51 2556 0.5421
26900 0.2795 0.0010 4.51 2567 0.5441
27000 0.2791 0.0010 4.50 2577 0.5462
27100 0.2794 0.0010 4.50 2588 0.5482
27200 0.2782 0.0010 4.50 2599 0.5502
27300 0.2807 0.0010 4.50 2611 0.5522
27400 0.2806 0.0010 4.50 2623 0.5542
27500 0.2803 0.0010 4.50 2636 0.5562
27600 0.2815 0.0010 4.50 2648 0.5582
27700 0.2817 0.0010 4.50 2660 0.5602
27800 0.2825 0.0010 4.50 2673 0.5622
27900 0.2820 0.0010 4.50 2685 0.5643
28000 0.2821 0.0010 4.50 2697 0.5663
28100 0.2822 0.0010 4.50 2708 0.5683
28200 0.2831 0.0010 4.50 2721 0.5703
28300 0.2832 0.0010 4.50 2733 0.5723
28400 0.2832 0.0010 4.50 2746 0.5743
28500 0.2830 0.0010 4.50 2758 0.5763
28600 0.2813 0.0010 4.50 2769 0.5783
28700 0.2806 0.0010 4.50 2781 0.5803
28800 0.2805 0.0010 4.50 2792 0.5824
28900 0.2799 0.0010 4.50 2803 0.5844
29000 0.2798 0.0010 4.50 2815 0.5864
29100 0.2819 0.0010 4.50 2827 0.5884
29200 0.2826 0.0010 4.50 2837 0.5904
29300 0.2810 0.0010 4.50 2850 0.5924
29400 0.2812 0.0010 4.49 2862 0.5944
29500 0.2827 0.0010 4.49 2874 0.5965
29600 0.2827 0.0010 4.49 2884 0.5985
29700 0.2825 0.0010 4.49 2894 0.6005
29800 0.2820 0.0010 4.49 2904 0.6026
29900 0.2822 0.0010 4.49 2916 0.6046
30000 0.2818 0.0010 4.49 2926 0.6066
