100 0.1946 1.0000 5.52 9 0.0003
200 0.2185 0.9950 4.97 16 0.0024
300 0.2270 0.9900 4.89 24 0.0045
400 0.2324 0.9850 4.78 33 0.0065
500 0.2294 0.9799 4.84 41 0.0086
600 0.2284 0.9749 4.91 50 0.0107
700 0.2293 0.9699 4.82 58 0.0128
800 0.2254 0.9649 5.00 65 0.0149
900 0.2253 0.9598 5.04 73 0.0170
1000 0.2259 0.9548 5.00 81 0.0191
1100 0.2282 0.9498 4.96 90 0.0211
1200 0.2263 0.9448 4.99 97 0.0232
1300 0.2228 0.9397 5.01 106 0.0253
1400 0.2227 0.9347 4.99 114 0.0274
1500 0.2234 0.9297 5.01 123 0.0295
1600 0.2217 0.9247 5.06 131 0.0316
1700 0.2201 0.9196 5.06 139 0.0336
1800 0.2244 0.9146 5.07 146 0.0358
1900 0.2250 0.9096 5.04 154 0.0379
2000 0.2216 0.9046 5.06 161 0.0399
2100 0.2224 0.8995 5.06 170 0.0420
2200 0.2209 0.8945 5.05 178 0.0441
2300 0.2218 0.8895 5.05 186 0.0462
2400 0.2198 0.8845 5.07 194 0.0482
2500 0.2200 0.8794 5.08 203 0.0503
2600 0.2201 0.8744 5.06 211 0.0524
2700 0.2190 0.8694 5.06 219 0.0545
2800 0.2178 0.8644 5.04 227 0.0566
2900 0.2158 0.8593 5.04 235 0.0587
3000 0.2172 0.8543 5.04 243 0.0607
3100 0.2172 0.8493 5.04 251 0.0628
3200 0.2214 0.8443 5.03 259 0.0649
3300 0.2215 0.8392 5.03 266 0.0670
3400 0.2206 0.8342 5.03 274 0.0691
3500 0.2184 0.8292 5.04 283 0.0712
3600 0.2227 0.8242 5.03 292 0.0732
3700 0.2227 0.8191 5.04 300 0.0753
3800 0.2236 0.8141 5.03 308 0.0774
3900 0.2248 0.8091 5.03 317 0.0795
4000 0.2281 0.8041 5.02 325 0.0816
4100 0.2269 0.7990 5.02 334 0.0837
4200 0.2239 0.7940 5.01 342 0.0858
4300 0.2225 0.7890 5.02 350 0.0879
4400 0.2234 0.7840 5.00 359 0.0899
4500 0.2219 0.7789 5.01 367 0.0920
4600 0.2188 0.7739 5.01 375 0.0941
4700 0.2202 0.7689 5.00 384 0.0962
4800 0.2194 0.7639 4.99 392 0.0983
4900 0.2192 0.7588 4.99 401 0.1004
5000 0.2171 0.7538 4.99 409 0.1025
5100 0.2166 0.7488 4.98 417 0.1046
5200 0.2169 0.7438 4.97 426 0.1067
5300 0.2186 0.7387 4.96 434 0.1088
5400 0.2174 0.7337 4.96 441 0.1109
5500 0.2221 0.7287 4.95 449 0.1130
5600 0.2231 0.7237 4.95 457 0.1149
5700 0.2226 0.7186 4.95 465 0.1170
5800 0.2230 0.7136 4.95 473 0.1191
5900 0.2241 0.7086 4.95 481 0.1212
6000 0.2240 0.7036 4.95 490 0.1233
6100 0.2267 0.6985 4.95 499 0.1253
6200 0.2265 0.6935 4.94 507 0.1274
6300 0.2287 0.6885 4.93 515 0.1295
6400 0.2277 0.6835 4.94 524 0.1316
6500 0.2274 0.6784 4.93 532 0.1337
6600 0.2290 0.6734 4.92 540 0.1358
6700 0.2294 0.6684 4.92 549 0.1379
6800 0.2280 0.6634 4.91 558 0.1400
6900 0.2272 0.6583 4.91 567 0.1421
7000 0.2272 0.6533 4.91 575 0.1442
7100 0.2279 0.6483 4.90 583 0.1462
7200 0.2313 0.6433 4.89 592 0.1483
7300 0.2318 0.6382 4.88 601 0.1504
7400 0.2349 0.6332 4.87 609 0.1525
7500 0.2354 0.6282 4.88 618 0.1546
7600 0.2345 0.6232 4.87 627 0.1566
7700 0.2348 0.6181 4.87 635 0.1587
7800 0.2346 0.6131 4.87 644 0.1608
7900 0.2352 0.6081 4.86 652 0.1629
8000 0.2375 0.6031 4.85 660 0.1650
8100 0.2374 0.5980 4.85 668 0.1670
8200 0.2370 0.5930 4.84 677 0.1691
8300 0.2340 0.5880 4.84 685 0.1712
8400 0.2353 0.5830 4.83 694 0.1733
8500 0.2337 0.5779 4.83 702 0.1754
8600 0.2317 0.5729 4.84 710 0.1774
8700 0.2364 0.5679 4.83 719 0.1795
8800 0.2392 0.5629 4.83 727 0.1816
8900 0.2381 0.5578 4.83 735 0.1836
9000 0.2375 0.5528 4.84 743 0.1857
9100 0.2355 0.5478 4.84 751 0.1878
9200 0.2333 0.5428 4.83 759 0.1899
9300 0.2334 0.5377 4.83 767 0.1920
9400 0.2336 0.5327 4.82 776 0.1940
9500 0.2337 0.5277 4.83 784 0.1961
9600 0.2336 0.5227 4.83 792 0.1982
9700 0.2278 0.5176 4.83 800 0.2003
9800 0.2270 0.5126 4.82 809 0.2024
9900 0.2294 0.5076 4.82 818 0.2045
10000 0.2282 0.5026 4.81 826 0.2065
10100 0.2299 0.4975 4.80 835 0.2086
10200 0.2301 0.4925 4.80 843 0.2107
10300 0.2310 0.4875 4.80 851 0.2128
10400 0.2296 0.4825 4.79 859 0.2148
10500 0.2316 0.4774 4.79 867 0.2169
10600 0.2340 0.4724 4.79 876 0.2190
10700 0.2360 0.4674 4.78 884 0.2211
10800 0.2357 0.4624 4.78 892 0.2232
10900 0.2342 0.4573 4.77 901 0.2253
11000 0.2348 0.4523 4.76 909 0.2273
11100 0.2339 0.4473 4.76 917 0.2294
11200 0.2337 0.4423 4.76 926 0.2315
11300 0.2349 0.4372 4.75 935 0.2335
11400 0.2358 0.4322 4.75 943 0.2356
11500 0.2340 0.4272 4.74 952 0.2377
11600 0.2323 0.4222 4.74 961 0.2398
11700 0.2320 0.4171 4.74 970 0.2419
11800 0.2355 0.4121 4.74 978 0.2439
11900 0.2354 0.4071 4.74 987 0.2460
12000 0.2370 0.4021 4.73 996 0.2481
12100 0.2383 0.3970 4.73 1005 0.2502
12200 0.2384 0.3920 4.73 1014 0.2523
12300 0.2386 0.3870 4.72 1023 0.2544
12400 0.2396 0.3820 4.72 1033 0.2565
12500 0.2420 0.3769 4.72 1042 0.2585
12600 0.2463 0.3719 4.71 1052 0.2606
12700 0.2492 0.3669 4.71 1061 0.2627
12800 0.2469 0.3619 4.70 1070 0.2648
12900 0.2483 0.3568 4.70 1079 0.2669
13000 0.2494 0.3518 4.69 1088 0.2690
13100 0.2483 0.3468 4.69 1096 0.2711
13200 0.2505 0.3418 4.68 1104 0.2732
13300 0.2492 0.3367 4.68 1113 0.2753
13400 0.2486 0.3317 4.68 1122 0.2773
13500 0.2496 0.3267 4.67 1132 0.2794
13600 0.2455 0.3217 4.67 1141 0.2815
13700 0.2453 0.3166 4.67 1150 0.2836
13800 0.2456 0.3116 4.66 1158 0.2857
13900 0.2475 0.3066 4.65 1168 0.2878
14000 0.2470 0.3016 4.65 1177 0.2899
14100 0.2476 0.2965 4.64 1186 0.2919
14200 0.2470 0.2915 4.64 1195 0.2940
14300 0.2494 0.2865 4.63 1204 0.2961
14400 0.2491 0.2815 4.63 1213 0.2982
14500 0.2486 0.2764 4.62 1222 0.3003
14600 0.2504 0.2714 4.62 1230 0.3024
14700 0.2501 0.2664 4.62 1239 0.3045
14800 0.2476 0.2614 4.62 1247 0.3066
14900 0.2455 0.2563 4.61 1257 0.3087
15000 0.2464 0.2513 4.61 1266 0.3108
15100 0.2464 0.2463 4.60 1275 0.3129
15200 0.2484 0.2413 4.60 1284 0.3150
15300 0.2478 0.2362 4.59 1293 0.3171
15400 0.2483 0.2312 4.59 1302 0.3192
15500 0.2505 0.2262 4.58 1311 0.3213
15600 0.2534 0.2212 4.58 1321 0.3234
15700 0.2550 0.2161 4.57 1331 0.3255
15800 0.2604 0.2111 4.58 1339 0.3276
15900 0.2635 0.2061 4.57 1349 0.3297
16000 0.2641 0.2011 4.57 1358 0.3318
16100 0.2656 0.1960 4.57 1368 0.3339
16200 0.2644 0.1910 4.56 1378 0.3360
16300 0.2648 0.1860 4.56 1388 0.3381
16400 0.2663 0.1810 4.55 1398 0.3402
16500 0.2645 0.1759 4.55 1408 0.3423
16600 0.2631 0.1709 4.54 1417 0.3444
16700 0.2626 0.1659 4.54 1427 0.3465
16800 0.2627 0.1609 4.53 1436 0.3486
16900 0.2595 0.1558 4.53 1446 0.3507
17000 0.2578 0.1508 4.52 1455 0.3528
17100 0.2597 0.1458 4.52 1465 0.3549
17200 0.2600 0.1408 4.51 1474 0.3570
17300 0.2606 0.1357 4.51 1483 0.3591
17400 0.2599 0.1307 4.51 1493 0.3612
17500 0.2607 0.1257 4.50 1502 0.3632
17600 0.2607 0.1207 4.50 1510 0.3654
17700 0.2622 0.1156 4.50 1519 0.3675
17800 0.2609 0.1106 4.49 1528 0.3695
17900 0.2638 0.1056 4.49 1538 0.3716
18000 0.2635 0.1006 4.48 1548 0.3737
18100 0.2610 0.0955 4.48 1557 0.3758
18200 0.2595 0.0905 4.48 1565 0.3779
18300 0.2586 0.0855 4.47 1575 0.3800
18400 0.2595 0.0805 4.47 1585 0.3821
18500 0.2598 0.0754 4.46 1593 0.3842
18600 0.2583 0.0704 4.46 1603 0.3863
18700 0.2559 0.0654 4.46 1612 0.3884
18800 0.2536 0.0604 4.45 1621 0.3905
18900 0.2529 0.0553 4.45 1631 0.3926
19000 0.2533 0.0503 4.44 1640 0.3946
19100 0.2550 0.0453 4.44 1650 0.3967
19200 0.2567 0.0403 4.44 1660 0.3988
19300 0.2580 0.0352 4.43 1670 0.4010
19400 0.2566 0.0302 4.43 1680 0.4030
19500 0.2575 0.0252 4.43 1690 0.4051
19600 0.2588 0.0202 4.42 1700 0.4072
19700 0.2600 0.0151 4.42 1709 0.4093
19800 0.2615 0.0101 4.41 1719 0.4114
19900 0.2620 0.0051 4.41 1729 0.4135
20000 0.2628 0.0010 4.41 1739 0.4155
20100 0.2636 0.0010 4.40 1749 0.4177
20200 0.2639 0.0010 4.40 1759 0.4198
20300 0.2622 0.0010 4.40 1768 0.4219
20400 0.2608 0.0010 4.39 1776 0.4239
20500 0.2577 0.0010 4.39 1785 0.4260
20600 0.2570 0.0010 4.39 1794 0.4281
20700 0.2548 0.0010 4.38 1803 0.4302
20800 0.2527 0.0010 4.38 1812 0.4323
20900 0.2513 0.0010 4.37 1822 0.4344
21000 0.2516 0.0010 4.37 1832 0.4365
21100 0.2495 0.0010 4.37 1841 0.4386
21200 0.2499 0.0010 4.36 1851 0.4407
21300 0.2512 0.0010 4.36 1860 0.4428
21400 0.2527 0.0010 4.35 1870 0.4449
21500 0.2547 0.0010 4.35 1880 0.4470
21600 0.2554 0.0010 4.35 1889 0.4492
21700 0.2559 0.0010 4.34 1899 0.4514
21800 0.2584 0.0010 4.34 1909 0.4535
21900 0.2586 0.0010 4.34 1919 0.4556
22000 0.2601 0.0010 4.33 1928 0.4577
22100 0.2582 0.0010 4.33 1938 0.4598
22200 0.2582 0.0010 4.33 1948 0.4619
22300 0.2583 0.0010 4.33 1958 0.4641
22400 0.2589 0.0010 4.32 1968 0.4662
22500 0.2600 0.0010 4.32 1979 0.4683
22600 0.2616 0.0010 4.32 1989 0.4704
22700 0.2636 0.0010 4.31 1999 0.4726
22800 0.2641 0.0010 4.31 2009 0.4747
22900 0.2654 0.0010 4.31 2019 0.4768
23000 0.2625 0.0010 4.31 2028 0.4789
23100 0.2650 0.0010 4.30 2038 0.4810
23200 0.2649 0.0010 4.30 2048 0.4831
23300 0.2646 0.0010 4.30 2058 0.4853
23400 0.2656 0.0010 4.30 2068 0.4874
23500 0.2654 0.0010 4.29 2078 0.4895
23600 0.2634 0.0010 4.29 2087 0.4916
23700 0.2619 0.0010 4.29 2097 0.4937
23800 0.2599 0.0010 4.29 2106 0.4958
23900 0.2588 0.0010 4.28 2116 0.4979
24000 0.2598 0.0010 4.28 2126 0.5000
24100 0.2587 0.0010 4.28 2135 0.5022
24200 0.2574 0.0010 4.28 2145 0.5043
24300 0.2578 0.0010 4.27 2155 0.5064
24400 0.2581 0.0010 4.27 2164 0.5085
24500 0.2550 0.0010 4.27 2174 0.5106
24600 0.2537 0.0010 4.27 2183 0.5127
24700 0.2543 0.0010 4.26 2193 0.5148
24800 0.2554 0.0010 4.26 2203 0.5169
24900 0.2566 0.0010 4.26 2213 0.5191
25000 0.2564 0.0010 4.26 2223 0.5212
25100 0.2591 0.0010 4.25 2233 0.5234
25200 0.2606 0.0010 4.25 2243 0.5255
25300 0.2602 0.0010 4.25 2253 0.5276
25400 0.2589 0.0010 4.25 2262 0.5297
25500 0.2598 0.0010 4.24 2272 0.5317
25600 0.2632 0.0010 4.24 2282 0.5338
25700 0.2633 0.0010 4.24 2292 0.5360
25800 0.2642 0.0010 4.24 2302 0.5381
25900 0.2610 0.0010 4.23 2310 0.5402
26000 0.2604 0.0010 4.24 2319 0.5423
26100 0.2597 0.0010 4.23 2329 0.5444
26200 0.2589 0.0010 4.23 2338 0.5465
26300 0.2575 0.0010 4.23 2347 0.5486
26400 0.2555 0.0010 4.23 2356 0.5508
26500 0.2555 0.0010 4.23 2365 0.5529
26600 0.2549 0.0010 4.23 2375 0.5549
26700 0.2546 0.0010 4.22 2384 0.5571
26800 0.2526 0.0010 4.22 2394 0.5592
26900 0.2555 0.0010 4.22 2404 0.5613
27000 0.2566 0.0010 4.22 2413 0.5634
27100 0.2574 0.0010 4.22 2422 0.5654
27200 0.2575 0.0010 4.21 2432 0.5676
27300 0.2589 0.0010 4.21 2442 0.5697
27400 0.2606 0.0010 4.21 2451 0.5718
27500 0.2612 0.0010 4.21 2460 0.5738
27600 0.2602 0.0010 4.21 2470 0.5759
27700 0.2598 0.0010 4.20 2480 0.5780
27800 0.2611 0.0010 4.20 2490 0.5801
27900 0.2592 0.0010 4.20 2500 0.5822
28000 0.2575 0.0010 4.20 2509 0.5843
28100 0.2548 0.0010 4.20 2518 0.5864
28200 0.2527 0.0010 4.20 2527 0.5885
28300 0.2521 0.0010 4.19 2536 0.5906
28400 0.2512 0.0010 4.19 2546 0.5927
28500 0.2521 0.0010 4.19 2554 0.5947
28600 0.2508 0.0010 4.19 2564 0.5968
28700 0.2532 0.0010 4.19 2573 0.5989
28800 0.2519 0.0010 4.18 2582 0.6010
28900 0.2525 0.0010 4.18 2591 0.6031
29000 0.2537 0.0010 4.18 2601 0.6052
29100 0.2546 0.0010 4.18 2611 0.6073
29200 0.2568 0.0010 4.18 2621 0.6094
29300 0.2566 0.0010 4.18 2630 0.6115
29400 0.2574 0.0010 4.17 2640 0.6136
29500 0.2567 0.0010 4.17 2649 0.6157
29600 0.2560 0.0010 4.17 2657 0.6178
29700 0.2522 0.0010 4.17 2666 0.6199
29800 0.2543 0.0010 4.17 2676 0.6220
29900 0.2552 0.0010 4.16 2685 0.6240
30000 0.2559 0.0010 4.16 2695 0.6261
