100 0.2101 1.0000 5.51 8 0.0003
200 0.2191 0.9950 5.05 17 0.0025
300 0.2311 0.9900 4.69 25 0.0046
400 0.2293 0.9850 4.71 34 0.0067
500 0.2226 0.9799 5.05 41 0.0088
600 0.2184 0.9749 5.07 50 0.0109
700 0.2209 0.9699 5.05 59 0.0130
800 0.2199 0.9649 5.06 67 0.0151
900 0.2235 0.9598 4.98 75 0.0172
1000 0.2225 0.9548 5.05 83 0.0194
1100 0.2267 0.9498 4.95 90 0.0215
1200 0.2272 0.9448 4.98 98 0.0236
1300 0.2237 0.9397 4.96 106 0.0256
1400 0.2237 0.9347 4.98 114 0.0277
1500 0.2264 0.9297 5.01 122 0.0297
1600 0.2297 0.9247 4.97 130 0.0318
1700 0.2283 0.9196 4.98 138 0.0339
1800 0.2277 0.9146 4.97 146 0.0360
1900 0.2249 0.9096 4.96 155 0.0381
2000 0.2233 0.9046 4.97 162 0.0402
2100 0.2198 0.8995 4.98 170 0.0423
2200 0.2217 0.8945 4.94 179 0.0444
2300 0.2231 0.8895 4.92 187 0.0465
2400 0.2236 0.8845 4.94 196 0.0487
2500 0.2237 0.8794 4.95 204 0.0509
2600 0.2220 0.8744 4.97 213 0.0531
2700 0.2206 0.8694 4.96 221 0.0552
2800 0.2214 0.8644 4.94 229 0.0573
2900 0.2214 0.8593 4.93 238 0.0594
3000 0.2259 0.8543 4.92 247 0.0616
3100 0.2278 0.8493 4.91 255 0.0637
3200 0.2240 0.8443 4.94 264 0.0658
3300 0.2233 0.8392 4.94 272 0.0679
3400 0.2233 0.8342 4.94 281 0.0701
3500 0.2230 0.8292 4.94 290 0.0722
3600 0.2255 0.8242 4.94 299 0.0743
3700 0.2269 0.8191 4.94 307 0.0764
3800 0.2273 0.8141 4.95 315 0.0785
3900 0.2280 0.8091 4.95 324 0.0806
4000 0.2275 0.8041 4.95 332 0.0827
4100 0.2287 0.7990 4.94 341 0.0850
4200 0.2290 0.7940 4.96 349 0.0872
4300 0.2297 0.7890 4.94 357 0.0894
4400 0.2285 0.7840 4.95 366 0.0916
4500 0.2297 0.7789 4.96 375 0.0937
4600 0.2274 0.7739 4.94 383 0.0959
4700 0.2299 0.7689 4.94 391 0.0981
4800 0.2294 0.7639 4.93 400 0.1002
4900 0.2319 0.7588 4.94 409 0.1024
5000 0.2322 0.7538 4.95 418 0.1046
5100 0.2328 0.7488 4.95 427 0.1068
5200 0.2351 0.7438 4.94 435 0.1089
5300 0.2374 0.7387 4.93 443 0.1111
5400 0.2395 0.7337 4.93 451 0.1133
5500 0.2390 0.7287 4.92 460 0.1154
5600 0.2430 0.7237 4.91 470 0.1176
5700 0.2411 0.7186 4.91 478 0.1197
5800 0.2445 0.7136 4.89 487 0.1219
5900 0.2421 0.7086 4.88 495 0.1240
6000 0.2429 0.7036 4.88 503 0.1262
6100 0.2419 0.6985 4.87 513 0.1283
6200 0.2398 0.6935 4.87 522 0.1305
6300 0.2385 0.6885 4.87 531 0.1327
6400 0.2385 0.6835 4.86 539 0.1349
6500 0.2399 0.6784 4.86 549 0.1370
6600 0.2384 0.6734 4.86 557 0.1391
6700 0.2388 0.6684 4.86 566 0.1413
6800 0.2348 0.6634 4.86 575 0.1433
6900 0.2374 0.6583 4.86 585 0.1455
7000 0.2363 0.6533 4.86 593 0.1477
7100 0.2373 0.6483 4.86 603 0.1498
7200 0.2390 0.6433 4.86 613 0.1520
7300 0.2379 0.6382 4.87 622 0.1542
7400 0.2379 0.6332 4.86 631 0.1563
7500 0.2372 0.6282 4.85 640 0.1584
7600 0.2394 0.6232 4.85 648 0.1606
7700 0.2400 0.6181 4.85 657 0.1627
7800 0.2434 0.6131 4.85 666 0.1648
7900 0.2434 0.6081 4.85 676 0.1669
8000 0.2443 0.6031 4.84 685 0.1690
8100 0.2437 0.5980 4.84 695 0.1711
8200 0.2447 0.5930 4.85 703 0.1732
8300 0.2476 0.5880 4.84 713 0.1753
8400 0.2494 0.5830 4.83 722 0.1775
8500 0.2508 0.5779 4.83 731 0.1796
8600 0.2496 0.5729 4.83 742 0.1817
8700 0.2513 0.5679 4.83 752 0.1839
8800 0.2522 0.5629 4.82 761 0.1861
8900 0.2525 0.5578 4.82 771 0.1882
9000 0.2530 0.5528 4.82 780 0.1903
9100 0.2539 0.5478 4.82 791 0.1925
9200 0.2522 0.5428 4.82 800 0.1946
9300 0.2516 0.5377 4.81 809 0.1968
9400 0.2520 0.5327 4.81 818 0.1989
9500 0.2532 0.5277 4.80 828 0.2011
9600 0.2545 0.5227 4.79 836 0.2032
9700 0.2534 0.5176 4.80 846 0.2054
9800 0.2536 0.5126 4.79 856 0.2075
9900 0.2517 0.5076 4.79 865 0.2097
10000 0.2519 0.5026 4.79 875 0.2118
10100 0.2541 0.4975 4.79 885 0.2141
10200 0.2574 0.4925 4.79 895 0.2162
10300 0.2558 0.4875 4.79 904 0.2184
10400 0.2532 0.4825 4.78 913 0.2205
10500 0.2520 0.4774 4.78 922 0.2227
10600 0.2506 0.4724 4.78 932 0.2248
10700 0.2508 0.4674 4.77 941 0.2269
10800 0.2518 0.4624 4.77 951 0.2291
10900 0.2533 0.4573 4.77 961 0.2312
11000 0.2534 0.4523 4.77 971 0.2333
11100 0.2512 0.4473 4.77 981 0.2354
11200 0.2513 0.4423 4.77 991 0.2375
11300 0.2530 0.4372 4.76 1001 0.2397
11400 0.2549 0.4322 4.76 1011 0.2417
11500 0.2560 0.4272 4.76 1021 0.2439
11600 0.2574 0.4222 4.75 1031 0.2460
11700 0.2597 0.4171 4.75 1040 0.2481
11800 0.2604 0.4121 4.75 1050 0.2502
11900 0.2618 0.4071 4.75 1060 0.2523
12000 0.2614 0.4021 4.75 1070 0.2545
12100 0.2619 0.3970 4.75 1081 0.2566
12200 0.2613 0.3920 4.75 1090 0.2588
12300 0.2619 0.3870 4.74 1100 0.2610
12400 0.2619 0.3820 4.74 1110 0.2631
12500 0.2607 0.3769 4.74 1120 0.2653
12600 0.2606 0.3719 4.74 1130 0.2675
12700 0.2606 0.3669 4.74 1140 0.2697
12800 0.2596 0.3619 4.73 1150 0.2718
12900 0.2580 0.3568 4.73 1161 0.2740
13000 0.2613 0.3518 4.73 1171 0.2761
13100 0.2614 0.3468 4.73 1183 0.2783
13200 0.2624 0.3418 4.73 1192 0.2805
13300 0.2629 0.3367 4.73 1202 0.2826
13400 0.2624 0.3317 4.72 1212 0.2848
13500 0.2633 0.3267 4.72 1222 0.2870
13600 0.2640 0.3217 4.72 1233 0.2892
13700 0.2644 0.3166 4.72 1241 0.2913
13800 0.2662 0.3116 4.72 1252 0.2935
13900 0.2678 0.3066 4.71 1263 0.2957
14000 0.2640 0.3016 4.71 1272 0.2978
14100 0.2633 0.2965 4.72 1283 0.3000
14200 0.2647 0.2915 4.71 1293 0.3022
14300 0.2647 0.2865 4.71 1304 0.3044
14400 0.2662 0.2815 4.71 1314 0.3066
14500 0.2658 0.2764 4.71 1324 0.3088
14600 0.2665 0.2714 4.71 1334 0.3110
14700 0.2649 0.2664 4.71 1344 0.3131
14800 0.2632 0.2614 4.70 1355 0.3154
14900 0.2623 0.2563 4.70 1365 0.3176
15000 0.2641 0.2513 4.70 1375 0.3197
15100 0.2662 0.2463 4.70 1385 0.3219
15200 0.2650 0.2413 4.69 1395 0.3241
15300 0.2667 0.2362 4.69 1406 0.3263
15400 0.2668 0.2312 4.69 1416 0.3284
15500 0.2675 0.2262 4.69 1427 0.3306
15600 0.2670 0.2212 4.68 1438 0.3327
15700 0.2667 0.2161 4.69 1449 0.3349
15800 0.2688 0.2111 4.68 1460 0.3371
15900 0.2706 0.2061 4.68 1471 0.3393
16000 0.2705 0.2011 4.68 1482 0.3414
16100 0.2693 0.1960 4.68 1492 0.3436
16200 0.2685 0.1910 4.68 1502 0.3458
16300 0.2684 0.1860 4.68 1515 0.3480
16400 0.2678 0.1810 4.68 1526 0.3502
16500 0.2688 0.1759 4.67 1536 0.3524
16600 0.2696 0.1709 4.67 1547 0.3545
16700 0.2713 0.1659 4.67 1558 0.3567
16800 0.2701 0.1609 4.67 1570 0.3588
16900 0.2689 0.1558 4.67 1581 0.3610
17000 0.2694 0.1508 4.67 1591 0.3632
17100 0.2706 0.1458 4.67 1603 0.3653
17200 0.2726 0.1408 4.67 1612 0.3675
17300 0.2706 0.1357 4.67 1622 0.3697
17400 0.2720 0.1307 4.67 1633 0.3719
17500 0.2723 0.1257 4.67 1645 0.3741
17600 0.2722 0.1207 4.67 1657 0.3763
17700 0.2739 0.1156 4.66 1668 0.3785
17800 0.2732 0.1106 4.66 1680 0.3807
17900 0.2729 0.1056 4.66 1691 0.3828
18000 0.2750 0.1006 4.66 1702 0.3851
18100 0.2716 0.0955 4.66 1712 0.3872
18200 0.2710 0.0905 4.66 1724 0.3895
18300 0.2715 0.0855 4.66 1736 0.3917
18400 0.2714 0.0805 4.66 1747 0.3939
18500 0.2699 0.0754 4.66 1757 0.3961
18600 0.2695 0.0704 4.65 1769 0.3983
18700 0.2673 0.0654 4.65 1780 0.4004
18800 0.2685 0.0604 4.65 1792 0.4027
18900 0.2696 0.0553 4.65 1804 0.4049
19000 0.2698 0.0503 4.65 1815 0.4071
19100 0.2730 0.0453 4.65 1826 0.4092
19200 0.2734 0.0403 4.65 1838 0.4114
19300 0.2739 0.0352 4.65 1850 0.4136
19400 0.2748 0.0302 4.65 1861 0.4158
19500 0.2770 0.0252 4.65 1872 0.4180
19600 0.2773 0.0202 4.65 1884 0.4201
19700 0.2780 0.0151 4.64 1895 0.4223
19800 0.2800 0.0101 4.65 1904 0.4245
19900 0.2951 0.0051 4.70 1904 0.4267
20000 0.2968 0.0010 4.70 1914 0.4289
20100 0.2977 0.0010 4.70 1926 0.4311
20200 0.2963 0.0010 4.71 1938 0.4332
20300 0.2970 0.0010 4.71 1950 0.4353
20400 0.2976 0.0010 4.71 1961 0.4375
20500 0.2969 0.0010 4.71 1974 0.4396
20600 0.2968 0.0010 4.70 1986 0.4417
20700 0.2974 0.0010 4.70 1996 0.4439
20800 0.2965 0.0010 4.71 2006 0.4460
20900 0.2818 0.0010 4.70 2019 0.4481
21000 0.2777 0.0010 4.70 2030 0.4502
21100 0.2781 0.0010 4.70 2042 0.4524
21200 0.2773 0.0010 4.70 2054 0.4545
21300 0.2774 0.0010 4.70 2066 0.4566
21400 0.2769 0.0010 4.70 2078 0.4587
21500 0.2773 0.0010 4.70 2090 0.4608
21600 0.2763 0.0010 4.70 2101 0.4629
21700 0.2759 0.0010 4.69 2112 0.4650
21800 0.2737 0.0010 4.69 2122 0.4672
21900 0.2734 0.0010 4.69 2132 0.4693
22000 0.2730 0.0010 4.69 2141 0.4714
22100 0.2713 0.0010 4.69 2152 0.4735
22200 0.2717 0.0010 4.68 2161 0.4757
22300 0.2706 0.0010 4.68 2174 0.4778
22400 0.2696 0.0010 4.68 2186 0.4799
22500 0.2691 0.0010 4.68 2197 0.4820
22600 0.2706 0.0010 4.68 2210 0.4842
22700 0.2704 0.0010 4.68 2222 0.4863
22800 0.2725 0.0010 4.68 2233 0.4884
22900 0.2710 0.0010 4.68 2244 0.4905
23000 0.2716 0.0010 4.68 2256 0.4927
23100 0.2713 0.0010 4.68 2267 0.4948
23200 0.2727 0.0010 4.68 2279 0.4969
23300 0.2735 0.0010 4.68 2289 0.4990
23400 0.2728 0.0010 4.68 2300 0.5012
23500 0.2728 0.0010 4.68 2311 0.5033
23600 0.2734 0.0010 4.68 2323 0.5055
23700 0.2734 0.0010 4.68 2336 0.5076
23800 0.2731 0.0010 4.67 2348 0.5097
23900 0.2745 0.0010 4.67 2361 0.5119
24000 0.2758 0.0010 4.67 2373 0.5140
24100 0.2765 0.0010 4.67 2385 0.5161
24200 0.2767 0.0010 4.67 2397 0.5183
24300 0.2772 0.0010 4.67 2409 0.5204
24400 0.2778 0.0010 4.67 2422 0.5225
24500 0.2783 0.0010 4.67 2434 0.5247
24600 0.2818 0.0010 4.68 2443 0.5268
24700 0.2812 0.0010 4.68 2456 0.5290
24800 0.2815 0.0010 4.68 2468 0.5311
24900 0.2815 0.0010 4.68 2481 0.5332
25000 0.2820 0.0010 4.68 2492 0.5355
25100 0.2821 0.0010 4.68 2503 0.5377
25200 0.2797 0.0010 4.68 2515 0.5399
25300 0.2788 0.0010 4.68 2527 0.5421
25400 0.2800 0.0010 4.67 2538 0.5443
25500 0.2790 0.0010 4.67 2549 0.5464
25600 0.2744 0.0010 4.67 2561 0.5486
25700 0.2752 0.0010 4.67 2573 0.5509
25800 0.2743 0.0010 4.67 2585 0.5530
25900 0.2750 0.0010 4.67 2597 0.5552
26000 0.2742 0.0010 4.67 2609 0.5575
26100 0.2755 0.0010 4.67 2620 0.5598
26200 0.2768 0.0010 4.67 2632 0.5620
26300 0.2760 0.0010 4.67 2643 0.5642
26400 0.2760 0.0010 4.67 2655 0.5663
26500 0.2769 0.0010 4.67 2666 0.5685
26600 0.2787 0.0010 4.67 2677 0.5707
26700 0.2778 0.0010 4.67 2687 0.5728
26800 0.2781 0.0010 4.67 2698 0.5750
26900 0.2776 0.0010 4.66 2707 0.5772
27000 0.2762 0.0010 4.66 2718 0.5793
27100 0.2755 0.0010 4.66 2730 0.5814
27200 0.2757 0.0010 4.66 2740 0.5835
27300 0.2744 0.0010 4.66 2751 0.5857
27400 0.2751 0.0010 4.66 2762 0.5878
27500 0.2736 0.0010 4.66 2774 0.5899
