100 3.7051 1.0000 4.35 11 0.0002
200 4.0655 0.9900 4.70 22 0.0021
300 4.8522 0.9799 4.75 31 0.0040
400 5.6635 0.9698 4.89 41 0.0058
500 5.8365 0.9597 4.97 51 0.0077
600 5.6498 0.9496 4.92 62 0.0095
700 5.2762 0.9395 4.91 73 0.0113
800 5.2574 0.9294 4.86 84 0.0131
900 5.6307 0.9193 4.92 94 0.0150
1000 6.1082 0.9092 4.94 103 0.0168
1100 6.4495 0.8991 4.91 113 0.0187
1200 6.6374 0.8890 4.92 123 0.0205
1300 6.7756 0.8789 4.90 133 0.0223
1400 6.8659 0.8688 4.92 142 0.0242
1500 6.9545 0.8587 4.91 151 0.0260
1600 7.4245 0.8486 4.85 161 0.0279
1700 8.0127 0.8385 4.88 169 0.0297
1800 8.4211 0.8284 4.87 179 0.0316
1900 8.2607 0.8183 4.87 189 0.0335
2000 8.0109 0.8082 4.86 198 0.0353
2100 8.3192 0.7981 4.84 208 0.0372
2200 8.5393 0.7880 4.83 217 0.0391
2300 8.9899 0.7779 4.79 225 0.0410
2400 9.1594 0.7678 4.79 234 0.0429
2500 9.1685 0.7577 4.78 244 0.0447
2600 9.1465 0.7476 4.80 253 0.0466
2700 9.1362 0.7375 4.78 263 0.0485
2800 9.3557 0.7274 4.78 272 0.0504
2900 9.7854 0.7173 4.78 281 0.0523
3000 9.6366 0.7072 4.77 292 0.0543
3100 9.4469 0.6971 4.79 302 0.0562
3200 9.6872 0.6870 4.79 311 0.0583
3300 9.4274 0.6769 4.79 321 0.0602
3400 9.4292 0.6668 4.79 331 0.0621
3500 9.6590 0.6567 4.78 340 0.0640
3600 9.6039 0.6466 4.77 351 0.0659
3700 9.5040 0.6365 4.78 361 0.0678
3800 9.0045 0.6264 4.78 371 0.0697
3900 9.1634 0.6163 4.77 380 0.0716
4000 9.7925 0.6062 4.75 389 0.0735
4100 9.9138 0.5961 4.75 399 0.0754
4200 9.9259 0.5860 4.75 409 0.0774
4300 10.0939 0.5759 4.75 418 0.0793
4400 10.1043 0.5658 4.75 428 0.0812
4500 10.1437 0.5557 4.74 437 0.0832
4600 10.4394 0.5456 4.72 446 0.0851
4700 10.4894 0.5355 4.71 456 0.0871
4800 10.4208 0.5254 4.71 467 0.0890
4900 9.9114 0.5153 4.70 477 0.0909
5000 9.9212 0.5052 4.69 486 0.0928
5100 9.6120 0.4951 4.68 497 0.0947
5200 9.4895 0.4849 4.68 507 0.0967
5300 9.3605 0.4748 4.66 517 0.0987
5400 9.3697 0.4647 4.65 527 0.1006
5500 9.4698 0.4546 4.64 536 0.1025
5600 9.1603 0.4445 4.64 546 0.1044
5700 9.8207 0.4344 4.62 554 0.1064
5800 10.1407 0.4243 4.61 565 0.1083
5900 10.5128 0.4142 4.61 575 0.1103
6000 10.0962 0.4041 4.61 585 0.1122
6100 10.5352 0.3940 4.60 596 0.1141
6200 10.3672 0.3839 4.60 607 0.1160
6300 10.6870 0.3738 4.59 616 0.1179
6400 10.1985 0.3637 4.59 627 0.1198
6500 9.9095 0.3536 4.59 638 0.1218
6600 10.1097 0.3435 4.59 647 0.1237
6700 9.7387 0.3334 4.58 657 0.1256
6800 9.6081 0.3233 4.58 667 0.1275
6900 9.4981 0.3132 4.58 677 0.1294
7000 9.7258 0.3031 4.58 687 0.1313
7100 9.9644 0.2930 4.58 695 0.1332
7200 10.4930 0.2829 4.56 704 0.1351
7300 10.0038 0.2728 4.56 714 0.1370
7400 10.8128 0.2627 4.57 724 0.1389
7500 11.3719 0.2526 4.56 732 0.1408
7600 11.3630 0.2425 4.57 742 0.1427
7700 11.4935 0.2324 4.56 751 0.1447
7800 11.6742 0.2223 4.55 761 0.1465
7900 12.0497 0.2122 4.54 769 0.1484
8000 11.9486 0.2021 4.54 779 0.1503
8100 12.0069 0.1920 4.54 787 0.1522
8200 11.9170 0.1819 4.54 797 0.1542
8300 12.5457 0.1718 4.53 806 0.1561
8400 12.6640 0.1617 4.53 813 0.1580
8500 12.6831 0.1516 4.51 822 0.1599
8600 13.1495 0.1415 4.50 829 0.1618
8700 13.1295 0.1314 4.50 838 0.1637
8800 13.3578 0.1213 4.50 848 0.1656
8900 13.3992 0.1112 4.50 857 0.1674
9000 13.3384 0.1011 4.50 866 0.1693
9100 13.6790 0.0910 4.50 873 0.1713
9200 13.1683 0.0809 4.50 884 0.1732
9300 13.1091 0.0708 4.49 893 0.1750
9400 12.8985 0.0607 4.49 902 0.1769
9500 12.7891 0.0506 4.48 911 0.1789
9600 12.7113 0.0405 4.48 920 0.1808
9700 12.3314 0.0304 4.48 930 0.1827
9800 12.8168 0.0203 4.47 935 0.1846
9900 12.9866 0.0102 4.47 943 0.1865
10000 13.4471 0.0100 4.46 952 0.1885
