100 0.0667 0.00 10.00 0.8282828282828283 0.0059
200 0.1700 0.00 10.00 0.914572864321608 0.0118
300 0.1700 0.00 10.00 0.9431438127090301 0.0180
400 0.0800 0.00 10.00 0.9573934837092731 0.0244
500 0.1200 0.00 10.00 0.9659318637274549 0.0306
600 0.1300 0.00 10.00 0.9716193656093489 0.0367
700 0.1400 0.00 10.00 0.9756795422031473 0.0431
800 0.0800 0.00 10.00 0.9787234042553191 0.0495
900 0.1200 0.00 10.00 0.9810901001112347 0.0560
1000 0.1000 0.00 10.00 0.982982982982983 0.0623
1100 0.1200 0.00 10.00 0.9845313921747043 0.0684
1200 0.0900 0.00 10.00 0.9858215179316097 0.0744
1300 0.0900 0.00 10.00 0.9869130100076983 0.0802
1400 0.1300 0.00 10.00 0.9878484631879915 0.0861
1500 0.0800 0.00 10.00 0.9886591060707138 0.0919
1600 0.1200 0.00 10.00 0.9893683552220137 0.0977
1700 0.1000 0.00 10.00 0.9899941141848146 0.1034
1800 0.0800 0.00 10.00 0.990550305725403 0.1091
1900 0.0500 0.00 10.00 0.9910479199578726 0.1148
2000 0.1000 0.00 10.00 0.991495747873937 0.1206
